prototypes(:,:,1) = [
243	354
269	342
289	321
298	293
341	247
397	211
316	207
361	94
330	56
327	108
288	171
262	149
229	92
149	98
115	164
69	226
46	250
142	292
217	342
243	354
];

prototypes(:,:,2) = [
243	354
269	342
297	315
318	290
340	240
341	142
322	80
265	53
281	114
268	143
229	176
229	131
238	120
209	98
156	77
162	132
84	147
149	207
217	342
243	354
];

prototypes(:,:,3) = [
243	354
269	342
285	316
297	290
341	275
412	263
290	238
293	160
292	125
357	171
364	139
338	93
291	72
189	134
133	235
109	261
79	299
130	307
217	342
243	354
];

prototypes(:,:,4) = [
243	354
269	342
309	311
321	250
320	213
300	170
255	84
389	118
325	54
295	20
217	28
136	55
83	115
53	183
129	180
198	191
124	275
171	305
217	342
243	354
];

prototypes(:,:,5) = [
243	354
269	342
288	324
302	307
317	300
358	342
381	355
391	331
414	364
416	323
405	290
366	255
306	220
324	87
274	79
222	29
99	286
175	336
217	342
243	354
];

prototypes(:,:,6) = [
243	354
269	342
302	307
304	272
301	224
361	266
409	306
387	244
349	195
297	154
216	118
145	112
54	99
34	125
86	137
145	174
132	238
155	278
217	342
243	354
];

prototypes(:,:,7) = [
243	354
269	342
293	323
328	297
361	331
398	339
421	317
423	292
394	251
344	220
271	156
193	111
135	83
189	172
209	207
123	194
69	187
141	332
217	342
243	354
];

prototypes(:,:,8) = [
243	354
269	342
308	323
310	260
312	221
414	229
437	277
441	202
353	183
261	124
192	62
171	148
106	202
64	234
111	261
153	275
177	304
190	319
217	342
243	354
];

prototypes(:,:,9) = [
243	354
269	342
301	319
297	263
339	300
370	327
359	276
343	234
386	193
438	132
277	86
253	140
197	62
141	107
32	216
76	224
105	240
171	291
217	342
243	354
];

prototypes(:,:,10) = [
243	354
269	342
282	319
321	250
367	158
267	42
178	178
109	130
50	143
35	188
66	176
104	210
75	293
45	349
109	331
156	326
172	328
185	332
217	342
243	354
];

prototypes(:,:,11) = [
243	354
269	342
296	317
314	288
317	237
309	211
298	179
356	142
390	110
409	75
265	70
158	66
221	109
162	183
114	236
108	276
141	324
169	339
217	342
243	354
];

prototypes(:,:,12) = [
243	354
269	342
286	339
319	341
342	357
370	368
408	386
392	343
377	304
365	276
332	225
396	159
427	106
261	43
311	117
157	117
124	232
167	324
217	342
243	354
];

prototypes(:,:,13) = [
243	354
269	342
294	323
296	299
284	270
189	153
193	103
236	68
308	60
137	47
86	72
58	148
43	201
100	184
118	206
74	311
110	315
167	312
217	342
243	354
];

prototypes(:,:,14) = [
243	354
269	342
295	316
290	167
312	133
370	157
415	182
399	95
304	70
205	104
98	166
73	218
204	193
92	286
105	313
159	322
197	333
201	337
217	342
243	354
];

prototypes(:,:,15) = [
243	354
269	342
304	341
329	341
355	341
401	346
261	241
381	181
440	134
237	75
130	37
75	110
116	214
51	326
41	355
84	346
85	346
167	340
217	342
243	354
];

prototypes(:,:,16) = [
243	354
269	342
289	315
296	272
260	236
232	221
279	193
336	175
390	166
313	133
251	103
216	81
198	155
144	179
88	197
49	231
88	238
149	238
217	342
243	354
];

prototypes(:,:,17) = [
243	354
269	342
313	331
363	294
434	244
437	200
364	183
307	184
277	237
250	283
216	221
193	193
256	163
322	136
290	94
137	162
180	338
198	342
217	342
243	354
];

prototypes(:,:,18) = [
243	354
269	342
295	308
290	259
271	223
383	331
406	268
427	227
386	194
295	121
271	46
191	141
96	191
82	214
64	244
128	272
161	297
186	331
217	342
243	354
];

prototypes(:,:,19) = [
243	354
269	342
290	320
288	250
238	188
291	169
375	158
410	184
398	126
361	74
124	188
84	236
48	276
144	278
105	345
128	344
165	332
202	330
217	342
243	354
];

prototypes(:,:,20) = [
243	354
269	342
297	325
318	295
352	290
396	295
423	300
410	282
447	278
411	251
376	190
306	170
264	161
293	90
270	41
194	104
149	191
165	298
217	342
243	354
];

prototypes(:,:,21) = [
243	354
269	342
304	312
282	258
245	227
356	239
411	290
427	246
356	148
431	187
361	47
261	95
168	126
66	182
112	212
143	248
189	319
197	324
217	342
243	354
];

prototypes(:,:,22) = [
243	354
269	342
293	349
334	348
361	357
422	344
264	204
353	133
405	165
443	131
283	49
207	118
91	43
41	108
92	151
139	131
102	322
173	331
217	342
243	354
];

prototypes(:,:,23) = [
243	354
269	342
314	295
309	232
292	168
351	106
264	136
195	66
195	114
107	116
82	144
58	200
64	247
105	221
116	196
147	242
134	291
169	319
217	342
243	354
];

prototypes(:,:,24) = [
243	354
269	342
281	329
300	297
301	259
306	220
344	197
372	162
390	116
388	40
329	79
250	81
160	28
174	105
148	136
137	194
171	266
193	297
217	342
243	354
];

prototypes(:,:,25) = [
243	354
269	342
278	309
279	256
399	291
435	276
393	205
296	135
400	80
262	64
114	107
101	194
134	231
179	244
182	291
158	330
187	337
198	336
217	342
243	354
];

prototypes(:,:,26) = [
243	354
269	342
280	311
283	254
275	227
264	156
315	152
366	150
336	121
303	95
263	65
228	117
147	193
123	244
202	176
211	207
212	238
196	276
217	342
243	354
];

prototypes(:,:,27) = [
243	354
269	342
296	311
322	270
352	249
426	228
359	166
396	59
278	87
225	177
123	69
162	168
75	201
135	260
143	291
168	324
191	334
197	338
217	342
243	354
];

prototypes(:,:,28) = [
243	354
269	342
297	303
330	272
412	272
412	217
326	217
293	149
253	84
226	52
171	134
143	156
60	155
55	206
59	234
125	228
63	317
118	305
217	342
243	354
];

prototypes(:,:,29) = [
243	354
269	342
287	279
227	214
189	149
254	179
283	223
284	134
238	83
161	80
88	120
68	256
96	216
108	206
138	270
165	325
186	332
200	338
217	342
243	354
];

prototypes(:,:,30) = [
243	354
269	342
295	290
317	225
356	175
384	107
350	20
311	40
241	61
192	78
135	60
78	41
181	176
92	237
141	257
102	338
148	332
185	335
217	342
243	354
];

prototypes(:,:,31) = [
243	354
269	342
303	304
327	235
363	218
434	214
359	160
411	111
400	44
354	32
232	54
165	128
81	234
47	311
67	300
112	259
138	229
145	269
217	342
243	354
];

prototypes(:,:,32) = [
243	354
269	342
300	318
349	287
411	234
302	228
254	230
340	120
231	76
207	121
166	174
125	197
67	211
115	257
146	300
90	358
146	360
210	340
217	342
243	354
];

prototypes(:,:,33) = [
243	354
269	342
295	305
306	238
302	167
380	183
408	183
389	157
336	135
313	84
302	32
225	139
81	227
71	268
128	255
167	301
192	315
208	328
217	342
243	354
];

prototypes(:,:,34) = [
243	354
269	342
269	325
282	285
335	259
342	208
392	210
396	177
317	167
227	89
131	126
80	177
94	245
73	297
94	312
136	273
159	283
183	326
217	342
243	354
];

prototypes(:,:,35) = [
243	354
269	342
293	310
247	161
266	130
303	130
342	183
366	132
418	117
344	70
252	27
240	80
156	66
95	134
125	191
170	276
189	296
207	318
217	342
243	354
];

prototypes(:,:,36) = [
243	354
269	342
275	285
271	144
353	227
402	165
319	88
365	34
233	27
235	78
120	88
75	170
139	171
191	181
199	224
207	281
217	333
219	339
217	342
243	354
];

